x = [ 2 3 6 ]
y = [5 3 8]
z = x &&y